Comparing files out and UVA.TXT
***** out
7
6
***** UVA.TXT
7
7
7
7
7
7
7
7
7
7
7
7
7
7
7
7
7
7
7
7
7
7
7
7
7
7
7
7
7
7
6
*****

***** out
6
6
6
6
6
6
6
6
6
6
6
6
6
6
6
6
6
5
***** UVA.TXT
6
5
*****

***** out
5
5
5
5
5
5
5
5
5
5
5
5
5
5
5
5
5
5
5
5
5
5
5
5
5
5
5
5
5
5
4
***** UVA.TXT
5
4
*****

***** out
4
4
4
4
4
4
4
4
3
***** UVA.TXT
4
3
*****

***** out
3
2
***** UVA.TXT
3
3
3
3
3
3
3
3
3
3
3
3
3
3
3
3
3
3
3
3
3
2
*****

***** out
2
1
***** UVA.TXT
2
2
2
2
1
*****

***** out
green wins
4
***** UVA.TXT
green wins
5
5
5
5
4
*****

***** out
4
4
3
***** UVA.TXT
4
3
*****

***** out
3
3
3
3
3
3
3
3
3
3
3
2
***** UVA.TXT
3
2
*****

***** out
2
1
***** UVA.TXT
2
2
2
2
2
2
2
2
1
*****

***** out
8
7
***** UVA.TXT
8
8
8
8
8
8
8
8
8
8
8
8
8
8
7
*****

***** out
7
7
7
7
7
7
7
7
7
7
7
7
7
7
7
7
7
7
7
7
7
7
7
7
7
7
7
6
***** UVA.TXT
7
6
*****

***** out
6
5
***** UVA.TXT
6
6
6
6
6
6
6
6
6
6
6
6
6
6
5
*****

***** out
6
5
***** UVA.TXT
6
6
5
*****

***** out
5
5
5
4
***** UVA.TXT
5
4
*****

***** out
4
3
***** UVA.TXT
4
4
3
*****

***** out
7
6
***** UVA.TXT
7
7
7
7
7
7
7
7
7
7
7
7
7
7
7
7
7
7
7
7
7
7
7
7
7
7
7
7
7
7
7
7
6
*****

***** out
6
6
6
6
6
6
6
6
6
6
6
6
6
6
6
6
6
6
6
6
6
6
6
6
6
6
6
6
6
6
6
6
6
6
6
6
6
6
6
6
6
6
6
6
6
6
6
6
6
6
6
6
6
6
6
5
***** UVA.TXT
6
5
*****

***** out
5
4
***** UVA.TXT
5
5
5
5
5
5
5
5
5
5
5
5
5
5
5
5
4
*****

***** out
4
3
***** UVA.TXT
4
4
4
4
4
4
4
4
4
3
*****

***** out

***** UVA.TXT
*****

